42,4107
42,4105
42,4099
42,3896
42,3889
42,3885
42,3870
42,3859
42,3836
42,3833
42,3832
42,3813
42,3810
42,3790
42,3788
42,3784
42,3782
42,3770
42,3767
42,3766
42,3762
42,3757
42,3749
42,3748
42,3741
42,3740
42,3739
42,3728
42,3723
42,3582
42,3579
42,3565
42,3562
42,3561
42,3542
42,3521
42,3443
42,3439
42,3434
42,3429
42,3425
42,3422
42,3416
42,3401
42,3383
42,3364
42,3359
42,3344
42,3336
42,3331
42,3198
42,3189
42,3186
42,3185
42,3180
42,3174
42,3160
42,3149
42,3140
42,3063
42,3043
42,3037
42,3027
42,3004
42,3003
42,3001
42,3000
42,2972
42,2960
42,2950
42,2926
42,2924
42,2919
42,2914
42,2910
42,2902
42,2893
42,2889
42,2621
42,2619
42,2617
42,2600
42,2596
42,2593
42,2590
42,2584
42,2575
42,2568
42,2549
42,2542
42,2539
42,2532
42,2531
42,2525
42,2516
42,2512
42,2510
42,2506
42,2504
42,2497
42,2303
42,2289
42,2280
42,2267
42,2254
42,2210
42,2207
42,2204
42,2185
42,2047
42,2037
42,2034
42,2020
42,2019
42,2016
42,2005
42,2004
42,1988
42,1909
42,1904
42,1888
42,1870
42,1869
42,1864
42,1863
42,1723
42,1718
42,1714
42,1711
42,1709
42,1667
42,1655
42,1649
42,1640
42,1637
42,1609
42,1600
42,1525
42,1521
42,1518
42,1517
42,1512
42,1511
42,1509
42,1507
42,1504
42,1498
42,1496
42,1490
42,1486
42,1478
42,1477
42,1475
42,1336
42,1322
42,1315
42,1300
42,1299
42,1296
42,1295
42,1283
42,1279
42,1268
42,1266
42,1258
42,1254
42,1234
42,1233
42,1230
42,1226
42,1022
42,1017
42,1011
42,1001
42,996
42,995
42,985
42,974
42,969
42,963
42,928
42,924
42,916
42,913
42,904
42,864
42,862
42,843
42,839
42,837
42,836
42,832
42,627
42,625
42,624
42,620
42,616
42,601
42,596
42,586
42,575
42,552
42,549
42,547
42,542
42,528
42,518
42,512
42,382
42,374
42,370
42,366
42,358
42,346
42,337
42,330
42,328
42,325
42,320
42,184
42,180
42,162
42,161
42,157
42,153
42,150
42,146
42,145
42,129
42,70
42,69
42,62
42,8
7,3
5,3
4,3
42,4119
42,4120
42,4125
42,4138
42,4153
42,4177
42,4186
42,4202
42,4206
42,4210
42,4421
42,4430
42,4449
42,4452
42,4475
42,4550
42,4564
42,4581
42,4589
42,4598
42,4605
42,4745
42,4747
42,4764
42,4769
42,4781
42,4790
42,4794
42,4882
42,4886
42,4896
42,4905
42,4919
42,5059
42,5062
42,5083
42,5085
42,5087
42,5116
42,5119
42,5327
42,5341
42,5362
42,5369
42,5371
42,5382
42,5391
42,5421
42,5432
42,5433
42,5593
42,5595
42,5608
42,5621
42,5625
42,5666
42,5674
42,5824
42,5847
42,5861
42,5875
42,5879
42,6023
42,6029
42,6035
42,6043
42,6047
42,6069
42,6071
42,6083
42,6084
42,6102
42,6104
42,6107
42,6117
42,6130
42,6135
42,6215
42,6225
42,6236
42,6239
42,6245
42,6249
42,6257
42,6265
42,6268
42,6404
42,6407
42,6416
42,6430
42,6434
42,6455
42,6456
42,6548
42,6555
42,6557
42,6564
42,6565
42,6580
42,6583
42,6622
42,6649
42,6656
42,6661
42,6667
42,6687
42,6718
42,6912
42,6926
42,6927
42,6949
42,6954
42,6961
42,6973
42,6978
42,6981
42,6985
42,7000
42,7013
42,7014
42,7018
42,7019
42,7038
42,7180
42,7197
42,7220
42,7223
42,7231
42,7232
42,7242
42,7247
42,7248
42,7254
42,7264
42,7271
42,7276
42,7426
42,7438
42,7448
42,7460
42,7618
42,7627
42,7640
42,7649
42,7746
42,7747
42,7780
42,7940
42,7950
42,7960
42,7963
42,7965
42,7969
42,7973
42,7980
42,7984
42,7992
42,8133
42,8152
42,8174
42,8184
42,8259
42,8266
42,8271
42,8273
42,8294
42,8533
42,8541
42,8545
42,8551
42,8564
42,8573
42,8578
42,8581
42,8582
42,8597
42,8605
42,8623
42,8637
42,8773
42,8777
42,8788
42,8793
42,8804
42,8810
42,8816
42,8897
42,8900
42,8904
42,8911
42,8919
42,8920
42,8945
42,8947
42,9091
42,9094
42,9096
42,9109
42,9122
42,9143
42,9348
42,9353
42,9356
42,9357
42,9359
42,9365
42,9389
42,9424
42,9427
42,9431
42,9433
42,9437
42,9461
42,9463
42,9469
42,9470
42,9608
42,9609
42,9613
42,9641
42,9649
42,9793
42,9801
42,9818
42,9830
42,9831
42,9836
42,9838
42,9854
42,10050
42,10054
42,10067
42,10077
42,10098
42,10100
42,10181
42,10195
42,10199
42,10209
42,10213
42,10228
42,10374
42,10376
42,10379
42,10383
42,10393
42,10399
42,10408
42,10422
42,10423
42,10441
42,10449
42,10451
42,10467
42,10481
42,10489
42,10493
42,10624
42,10629
42,10632
42,10641
42,10642
42,10645
42,10647
42,10663
42,10668
42,10672
42,10675
42,10684
42,10707
42,10708
42,10715
42,10719
52,3
52,50
52,55
52,130
52,155
52,176
52,261
52,262
52,272
52,306
52,317
52,364
52,379
52,386
52,406
52,439
52,771
52,776
52,797
52,823
52,898
52,938
52,939
52,962
52,963
52,984
52,988
52,1003
52,1032
52,1371
52,1402
52,1419
52,1432
52,1539
52,1555
52,1592
52,1684
52,1725
52,1741
52,1777
52,1934
52,1949
52,1972
52,1975
52,2123
52,2140
52,2144
52,2247
52,2297
52,2329
52,2446
52,2447
52,2487
52,2494
52,2800
52,2810
52,2832
52,2921
52,2929
52,3053
52,3064
52,3070
52,3142
52,3172
52,3364
52,3598
52,3648
52,3661
52,3668
52,3687
52,3688
52,3703
52,3718
52,3735
52,3777
52,3793
52,3836
52,4050
52,4165
52,4166
52,4184
52,4198
52,4204
52,4213
52,4361
52,4389
52,4405
52,4417
52,4432
52,4440
52,4463
52,4470
52,4493
52,4528
52,4539
52,4909
52,4936
52,4938
52,4940
52,4941
52,4944
52,4946
52,4967
52,4969
52,4970
52,4974
52,4976
52,4978
52,4979
52,4983
52,4986
52,4987
52,5009
52,5020
52,5034
52,5062
52,5077
52,5082
52,5086
52,5329
52,5362
52,5569
52,5578
52,5579
52,5605
52,5644
52,5653
52,5723
52,5737
52,5833
52,5837
52,5881
52,5883
52,6175
52,6194
52,6272
52,6298
52,6301
52,6314
52,6445
52,6453
52,6474
52,6475
52,6504
52,6524
52,6660
52,6671
52,6705
52,6733
52,6737
52,6761
52,6778
52,6779
52,6826
52,6993
52,7004
52,7009
52,7311
52,7360
52,7366
52,7390
52,7411
52,7423
52,7440
52,7445
52,7682
52,7724
52,7809
52,7851
52,7855
52,8003
52,8019
52,8030
52,8034
52,8199
52,8228
52,8236
52,8396
52,8414
52,8429
52,8515
52,8542
52,8562
52,8571
52,8818
52,8834
52,8839
52,8862
52,8866
52,8890
52,8960
52,8994
52,9005
52,9169
52,9468
52,9469
52,9655
52,9794
52,9798
52,9812
52,9813
52,9834
52,9921
52,9942
52,9993
52,9999
52,10029
52,10039
52,10044
52,10049
52,10059
52,10079
52,10088
52,10108
52,10109
52,10322
52,10499
52,10501
52,10540
52,10551
52,10705
52,10709
52,10743
52,10773
52,11082
52,11094
52,11098
52,11116
52,11126
52,11136
52,11193
52,11197
52,11277
52,11308
52,11315
52,11485
52,11491
52,11519
52,11590
52,11592
52,11611
52,11612
52,11623
52,11630
52,11639
52,11685
52,11687
52,11843
52,11846
52,11875
52,11909
52,11939
52,12180
52,12186
52,12197
52,12208
52,12294
52,12331
52,12343
52,12495
52,12497
52,12539
52,12649
52,12748
52,12762
52,12775
52,12869
52,12872
52,12921
52,13071
52,13085
52,13267
52,13270
52,13294
52,13444
52,13460
52,13491
52,13512
52,13515
52,13517
52,13531
52,13640
52,13651
52,13678
52,13690
52,13863
52,13872
52,13878
52,13971
52,13978
52,14007
52,14104
52,14112
52,14244
52,14344
52,14369
52,14370
52,14592
52,14594
52,14595
52,14597
52,14598
52,14600
52,14602
52,14603
52,14605
52,14606
52,14608
52,14609
52,14611
52,14613
52,14614
52,14616
52,14617
52,14619
52,14621
52,14622
52,14624
52,14625
52,14627
52,14675
52,14692
52,14724
52,14730
52,14740
52,14782
52,14896
52,14984
52,15002
52,15028
52,15035
52,15253
52,15263
52,15290
52,15325
52,15340
52,15441
52,15456
52,15705
52,15812
52,15820
52,15862
52,15865
52,15956
52,15996
52,16206
52,16245
52,16248
52,16261
52,16263
52,16272
52,16297
52,16583
52,16631
52,16641
52,16654
52,16667
52,16674
52,16687
52,16914
52,16931
52,16936
52,16950
52,16967
52,16976
52,16983
52,17004
52,17257
52,17268
52,17274
52,17430
52,17447
52,17563
52,17671
52,17716
52,17795
52,17835
52,17852
52,17991
52,18123
52,18154
52,18159
52,18266
52,18292
52,18418
52,18702
52,18712
52,18882
52,18909
52,19142
52,19145
52,19174
52,19270
52,19281
52,19344
52,19349
52,19382
52,19618
52,19635
52,19645
52,19722
52,19739
52,19742
52,19972
52,20010
52,20185
52,20204
52,20206
52,20239
52,20250
52,20254
52,20286
52,20363
52,20379
52,20387
52,20396
52,20482
52,20519
52,20522
52,20535
52,20677
52,20714
52,20721
52,20916
52,20925
52,21028
52,21041
52,21043
52,21055
52,21185
52,21191
52,21192
52,21209
52,21322
52,21329
52,21336
52,21351
52,21357
52,21374
52,21378
52,21392
52,21402
52,21409
52,21599
52,21627
52,21778
52,21784
52,21792
52,21793
52,21818
52,21921
52,21938
52,21951
52,21952
52,22153
52,22155
52,22173
52,22204
52,22276
52,22291
52,22315
52,22331
52,22360
52,22371
52,22374
52,22566
52,22578
52,22807
52,22821
52,22859
52,22874
52,22885
52,22886
52,22895
52,23077
52,23098
52,23113
52,23160
52,23167
52,23309
52,23315
52,23338
52,23340
52,23352
52,23366
52,23414
52,23423
52,23579
52,23601
52,23765
52,23770
52,23775
52,23776
52,23803
52,23806
52,23841
52,23845
52,23858
52,24031
52,24034
52,24047
52,24059
52,24171
52,24270
52,24283
52,24307
52,24310
52,24325
52,24328
52,24361
52,24377
52,24378
52,24386
52,24417
52,24430
52,24526
52,24544
52,24561
52,24574
52,24666
52,24980
52,25010
52,25032
52,25074
52,25086
52,25093
52,25222
52,25246
52,25256
52,25265
52,25427
52,25471
52,25479
52,25493
52,25503
52,25510
52,25533
52,25550
52,25560
52,25591
52,25599
52,25824
52,25825
52,25843
52,25996
52,25997
52,26116
52,26117
52,26158
52,26169
52,26174
52,26179
52,26189
52,26220
52,26228
52,26269
52,26503
52,26508
52,26541
52,26556
52,26633
52,26643
52,26651
52,26656
52,26664
52,26792
52,26793
52,26825
52,26846
52,26868
52,27013
52,27015
52,27034
52,27049
52,27057
52,27121
52,27123
52,27484
52,27497
52,27600
52,27635
52,27641
52,27673
52,27681
52,27697
52,27876
52,27896
52,28105
52,28119
52,28237
52,28240
52,28269
52,28282
52,28285
52,28302
52,28330
52,28520
52,28537
52,28539
52,28591
52,28749
52,28755
52,28767
52,28809
52,28832
52,28838
52,28853
52,28859
52,29075
52,29095
52,29136
52,29169
52,29206
52,29240
52,29396
52,29399
52,29446
52,29460
52,29481
52,29483
52,29705
52,29733
52,29736
52,29755
52,29758
52,29884
52,29989
52,29991
52,30011
52,30097
52,30122
52,30130
52,30377
52,30396
52,30433
52,30552
52,30578
52,30583
52,30612
52,30616
52,30632
52,30647
52,30976
52,30984
52,30999
52,31025
52,31032
52,31178
52,31180
52,31205
52,31213
52,31223
52,31243
52,31246
52,31272
52,31312
52,31337
52,31342
52,31628
52,31673
52,31678
52,31748
52,31758
52,31770
52,31811
52,31837
52,31856
52,31887
52,31926
52,32006
52,32023
52,32052
52,32199
52,32211
52,32248
52,32482
52,32495
52,32519
52,32564
52,32641
52,32646
52,32908
52,32948
52,33105
52,33121
52,33149
52,33163
52,33176
52,33189
52,33212
52,33228
52,33232
52,33268
52,33273
52,33279
52,33697
52,33794
52,33837
52,33843
52,33848
52,33867
52,33878
52,33894
52,33918
52,34061
52,34085
52,34090
52,34208
52,34236
52,34340
52,34367
52,34456
52,34466
52,34470
52,34690
52,34739
52,34745
52,34827
52,34840
52,34973
52,34993
52,34995
52,35155
52,35181
52,35288
52,35360
52,35593
52,35605
52,35632
52,35784
52,35792
52,35813
52,35822
52,35826
52,35931
52,35945
52,35967
52,36004
52,36164
52,36179
52,36193
52,36203
52,36205
52,36212
52,36223
52,36404
52,36741
52,36754
52,36784
52,36825
52,37160
52,37182
52,37266
52,37284
52,37289
52,37325
52,37347
52,37516
52,37552
52,37760
52,37781
52,37812
52,37898
52,37941
52,37942
52,38171
52,38180
52,38204
52,38294
52,38303
52,38537
52,38544
52,38564
52,38674
52,38676
52,38692
52,38696
52,38850
52,38851
52,38876
52,38914
52,38933
52,38958
52,38974
52,39245
52,39262
52,39272
52,39379
52,39401
52,39424
52,39443
52,39482
52,39506
52,39523
52,39546
52,39700
52,39726
52,39947
52,39950
52,40095
52,40105
52,40131
52,40161
52,40169
52,40190
52,40272
52,40317
52,40520
52,40544
52,40549
52,40554
52,40571
52,40654
52,40703
52,40844
52,40854
52,40883
52,40894
52,40942
52,40949
52,41028
52,41057
52,41060
52,41067
52,41080
52,41110
52,41226
52,41232
52,41276
52,41277
52,41617
52,41648
52,41657
52,41734
52,41741
52,41784
52,41861
52,41872
52,41909
52,41917
52,41946
52,41960
52,41976
52,42053
52,42072
52,42100
52,42102
52,42185
52,42208
52,42436
42,3
55,3
45,3
54,3
38,3
36,3
47,3
52,42458
52,42216
52,42105
52,42082
52,42048
52,41972
52,41930
52,41878
52,41870
52,41743
52,41730
52,41649
52,41600
52,41266
52,41150
52,41092
52,41064
52,41052
52,40956
52,40901
52,40879
52,40834
52,40691
52,40558
52,40546
52,40523
52,40297
52,40184
52,40146
52,40106
52,39987
52,39727
52,39707
52,39539
52,39485
52,39440
52,39413
52,39280
52,39258
52,39232
52,38949
52,38889
52,38865
52,38755
52,38680
52,38571
52,38560
52,38307
52,38284
52,38197
52,38151
52,37922
52,37793
52,37768
52,37525
52,37340
52,37322
52,37269
52,37162
52,36808
52,36759
52,36550
52,36220
52,36206
52,36199
52,36178
52,36017
52,35952
52,35831
52,35821
52,35799
52,35637
52,35604
52,35375
52,35274
52,35145
52,34978
52,34864
52,34751
52,34719
52,34477
52,34457
52,34362
52,34223
52,34195
52,34074
52,33908
52,33885
52,33865
52,33841
52,33713
52,33690
52,33270
52,33230
52,33214
52,33186
52,33153
52,33123
52,32955
52,32666
52,32569
52,32559
52,32489
52,32212
52,32200
52,32046
52,32002
52,31875
52,31844
52,31792
52,31755
52,31744
52,31638
52,31338
52,31280
52,31253
52,31234
52,31211
52,31189
52,31039
52,31012
52,30997
52,30813
52,30620
52,30605
52,30579
52,30448
52,30395
52,30139
52,30109
52,29999
52,29969
52,29871
52,29752
52,29708
52,29698
52,29471
52,29405
52,29380
52,29218
52,29161
52,29081
52,28863
52,28846
52,28812
52,28777
52,28752
52,28551
52,28527
52,28497
52,28294
52,28278
52,28257
52,28228
52,27899
52,27710
52,27693
52,27653
52,27601
52,27587
52,27481
52,27073
52,27047
52,27030
52,26873
52,26841
52,26795
52,26786
52,26653
52,26639
52,26624
52,26524
52,26289
52,26230
52,26202
52,26175
52,26172
52,26140
52,26032
52,25855
52,25842
52,25812
52,25572
52,25554
52,25525
52,25497
52,25472
52,25436
52,25258
52,25237
52,25147
52,25084
52,25013
52,24680
52,24660
52,24550
52,24431
52,24424
52,24379
52,24363
52,24350
52,24320
52,24305
52,24185
52,24159
52,24044
52,23863
52,23849
52,23811
52,23781
52,23774
52,23767
52,23596
52,23422
52,23412
52,23351
52,23324
52,23299
52,23162
52,23105
52,23061
52,22890
52,22880
52,22831
52,22791
52,22575
52,22373
52,22349
52,22327
52,22279
52,22185
52,22162
52,21990
52,21940
52,21892
52,21807
52,21785
52,21765
52,21606
52,21406
52,21390
52,21364
52,21355
52,21331
52,21313
52,21206
52,21187
52,21049
52,21038
52,21021
52,20723
52,20707
52,20674
52,20520
52,20408
52,20393
52,20377
52,20270
52,20242
52,20221
52,20197
52,19979
52,19758
52,19723
52,19641
52,19605
52,19370
52,19339
52,19192
52,19171
52,18933
52,18725
52,18648
52,18299
52,18254
52,18151
52,18008
52,17836
52,17720
52,17571
52,17548
52,17419
52,17265
52,17252
52,16980
52,16959
52,16943
52,16921
52,16684
52,16659
52,16645
52,16588
52,16280
52,16266
52,16251
52,16212
52,15964
52,15955
52,15852
52,15737
52,15704
52,15428
52,15296
52,15261
52,15246
52,15022
52,14907
52,14875
52,14731
52,14707
52,14679
52,14626
52,14623
52,14620
52,14618
52,14615
52,14612
52,14610
52,14607
52,14604
52,14601
52,14599
52,14596
52,14593
52,14387
52,14359
52,14225
52,14095
52,13994
52,13963
52,13869
52,13825
52,13670
52,13535
52,13526
52,13513
52,13463
52,13297
52,13271
52,13261
52,13057
52,12881
52,12790
52,12753
52,12637
52,12515
52,12488
52,12316
52,12214
52,12192
52,12177
52,11888
52,11861
52,11840
52,11646
52,11632
52,11620
52,11594
52,11585
52,11514
52,11323
52,11305
52,11272
52,11141
52,11123
52,11113
52,11086
52,10749
52,10707
52,10556
52,10523
52,10330
52,10306
52,10092
52,10067
52,10047
52,10043
52,10015
52,9951
52,9924
52,9831
52,9802
52,9663
52,9471
52,9462
52,9003
52,8974
52,8879
52,8860
52,8837
52,8574
52,8548
52,8431
52,8427
52,8249
52,8207
52,8055
52,8028
52,7992
52,7829
52,7728
52,7481
52,7424
52,7418
52,7389
52,7340
52,7005
52,6995
52,6824
52,6775
52,6749
52,6724
52,6668
52,6508
52,6476
52,6460
52,6425
52,6302
52,6289
52,6189
52,6160
52,5870
52,5757
52,5705
52,5650
52,5594
52,5576
52,5367
52,5313
52,5079
52,5058
52,5021
52,5008
52,4984
52,4982
52,4977
52,4971
52,4968
52,4947
52,4942
52,4939
52,4937
52,4906
52,4496
52,4483
52,4450
52,4426
52,4400
52,4373
52,4210
52,4185
52,4167
52,4066
52,3796
52,3767
52,3730
52,3691
52,3680
52,3662
52,3604
52,3358
52,3071
52,3067
52,3017
52,2900
52,2825
52,2765
52,2469
52,2365
52,2316
52,2240
52,2139
52,1980
52,1963
52,1783
52,1756
52,1719
52,1588
52,1470
52,1429
52,1392
52,1005
52,999
52,970
52,943
52,899
52,827
52,781
52,447
52,424
52,381
52,319
52,286
52,263
52,182
52,154
52,82
52,35
42,10717
42,10709
42,10696
42,10673
42,10667
42,10658
42,10643
42,10637
42,10631
42,10494
42,10482
42,10452
42,10450
42,10426
42,10419
42,10400
42,10384
42,10377
42,10372
42,10219
42,10206
42,10188
42,10111
42,10079
42,10058
42,10053
42,9850
42,9835
42,9826
42,9816
42,9658
42,9614
42,9612
42,9606
42,9465
42,9450
42,9436
42,9429
42,9413
42,9373
42,9358
42,9355
42,9345
42,9138
42,9105
42,9093
42,8952
42,8934
42,8913
42,8901
42,8899
42,8811
42,8799
42,8791
42,8774
42,8626
42,8620
42,8593
42,8580
42,8568
42,8562
42,8543
42,8525
42,8277
42,8269
42,8256
42,8167
42,8135
42,7989
42,7979
42,7970
42,7964
42,7953
42,7789
42,7753
42,7667
42,7635
42,7624
42,7455
42,7437
42,7282
42,7268
42,7251
42,7245
42,7237
42,7230
42,7218
42,7196
42,7022
42,7016
42,7005
42,6990
42,6979
42,6967
42,6955
42,6948
42,6915
42,6701
42,6676
42,6658
42,6644
42,6585
42,6576
42,6563
42,6553
42,6536
42,6446
42,6428
42,6414
42,6271
42,6263
42,6256
42,6244
42,6233
42,6143
42,6133
42,6113
42,6103
42,6089
42,6077
42,6052
42,6039
42,6034
42,5887
42,5865
42,5856
42,5691
42,5635
42,5619
42,5600
42,5584
42,5424
42,5393
42,5380
42,5364
42,5351
42,5324
42,5108
42,5084
42,5079
42,4924
42,4903
42,4890
42,4865
42,4787
42,4765
42,4754
42,4738
42,4591
42,4588
42,4560
42,4457
